NACA 0010 (exemple de fichier Selig)
 1.000000  -0.000000
 0.998379  0.000196
 0.993525  0.000781
 0.985471  0.001743
 0.974268  0.003066
 0.959990  0.004724
 0.942728  0.006689
 0.922595  0.008928
 0.899721  0.011405
 0.874255  0.014083
 0.846362  0.016921
 0.816223  0.019881
 0.784032  0.022922
 0.750000  0.026004
 0.714346  0.029084
 0.677302  0.032121
 0.639109  0.035072
 0.600013  0.037891
 0.560268  0.040531
 0.520133  0.042945
 0.479867  0.045082
 0.439732  0.046894
 0.399987  0.048332
 0.360891  0.049350
 0.322698  0.049908
 0.285654  0.049969
 0.250000  0.049506
 0.215968  0.048502
 0.183777  0.046947
 0.153638  0.044845
 0.125745  0.042209
 0.100279  0.039062
 0.077405  0.035436
 0.057272  0.031368
 0.040010  0.026901
 0.025732  0.022078
 0.014529  0.016942
 0.006475  0.011530
 0.001621  0.005875
 0.000000  0.000000
 0.001621  -0.005875
 0.006475  -0.011530
 0.014529  -0.016942
 0.025732  -0.022078
 0.040010  -0.026901
 0.057272  -0.031368
 0.077405  -0.035436
 0.100279  -0.039062
 0.125745  -0.042209
 0.153638  -0.044845
 0.183777  -0.046947
 0.215968  -0.048502
 0.250000  -0.049506
 0.285654  -0.049969
 0.322698  -0.049908
 0.360891  -0.049350
 0.399987  -0.048332
 0.439732  -0.046894
 0.479867  -0.045082
 0.520133  -0.042945
 0.560268  -0.040531
 0.600013  -0.037891
 0.639109  -0.035072
 0.677302  -0.032121
 0.714346  -0.029084
 0.750000  -0.026004
 0.784032  -0.022922
 0.816223  -0.019881
 0.846362  -0.016921
 0.874255  -0.014083
 0.899721  -0.011405
 0.922595  -0.008928
 0.942728  -0.006689
 0.959990  -0.004724
 0.974268  -0.003066
 0.985471  -0.001743
 0.993525  -0.000781
 0.998379  -0.000196
 1.000000  -0.000000
